These are the initial conditions of some Trojan-related orbits.
They were used to produce Fig. 9 in Li, Freeman, and Jerjen (2024). 

inis=[[ 0.73  , -0.85  ],
       [-1.95  , -0.85  ],
       [-1.81  , -0.8   ],
       [ 0.83  , -0.8   ],
      #  [ 0.88  , -0.77  ],
      #  [-1.7   , -0.77  ],
       [-1.67  , -0.7597],
       [ 0.9   , -0.7597],
      #  [-1.65  , -0.75  ],
      #  [ 0.91  , -0.75  ],
       [ 0.97  , -0.73  ],
       [-1.57  , -0.73  ],
    #   circular/slow
       [ 1.    , -0.7193],
       [-1.53  , -0.7193],
       [ 1.1   , -0.6967],
       [-1.4   , -0.6967],
       [ 1.232 , -0.686 ],
       [-1.26  , -0.686 ],
       [-1.32  , -0.68  ],
       [ 1.165 , -0.68  ],
    #    slow/fast
       [-1.39  , -0.6662],
       [ 1.1   , -0.6662],
       [ 1.    , -0.6307],
       [-1.48  , -0.6307],
       [-1.56  , -0.5796],
       [ 0.9   , -0.5796],
       [-1.64  , -0.5117],
       [ 0.8   , -0.5117],
       [-1.72  , -0.4264],
       [ 0.7   , -0.4264],
       [-1.78  , -0.3272],
       [ 0.6   , -0.3272],
       [-1.85  , -0.2157],
       [ 0.5   , -0.2157],
       [-1.9   , -0.1   ],
       [ 0.41  , -0.1   ],
       [-1.95  ,  0.    ],
       [ 0.34  ,  0.    ],
       [ 0.275 ,  0.1   ],
       [-2.    ,  0.1   ],
       [-2.05  ,  0.15  ],
       [-2.09  ,  0.2   ],
       [ 0.208 ,  0.2   ],
       [-2.2   ,  0.3   ],
       [ 0.15  ,  0.3   ],
       [ 0.115 ,  0.35  ]
]